# Nota: C-Order, 1 refers to the Y axis, 2 to the X axis 
# Calibration done at Fri Apr 23 13:47:04 2021
poni_version: 2
Detector: Perkin
Detector_config: {"pixel1": 0.002, "pixel2": 0.002}
Distance: 0.027666287045977116
Poni1: 0.20489964047849943
Poni2: 0.19566338840560893
Rot1: -0.02284116841626852
Rot2: -0.017444516838226516
Rot3: 8.61563214162979e-05
Wavelength: 1.6000000000000002e-10
