# Nota: C-Order, 1 refers to the Y axis, 2 to the X axis 
# Calibration done at Fri Apr 23 14:08:46 2021
poni_version: 2
Detector: Perkin
Detector_config: {"pixel1": 0.002, "pixel2": 0.002}
Distance: 0.027647816455789107
Poni1: 0.20325088237193026
Poni2: 0.20070643030746954
Rot1: 0.014065256151799823
Rot2: -0.021405344966918656
Rot3: -0.001561273022415835
Wavelength: 1.6000000000000002e-10
